me: 2	vs: 1
rows: 15
cols: 17
00000000000000000
.................
00000000000000000
.................
00000000000000000
.................
00000000000000000
.................
00000000000000000
.................
00000000000000000
.................
00000000000000000
.................
00000000000000000
.................
00-2-20000000000000
..OO.............
00000000000000000
.................
00000000000000000
.................
00000000000000000
.................
00000000000000-100
..............X..
00000000000000000
.................
00000000000000000
.................
Token_Y: 1	Token_X: 3
*token_Y: 1	*token_X: 3
.**
 8 8 8 8 8 8 8 8 8 8 8 910111213
 7 7 7 7 7 7 7 7 7 7 8 910111213
 6 6 6 6 6 6 6 6 6 7 8 910111213
 5 5 5 5 5 5 5 5 6 7 8 910111213
 4 4 4 4 4 4 4 5 6 7 8 910111213
 3 3 3 3 3 3 4 5 6 7 8 910111213
 2 2 2 2 2 3 4 5 6 7 8 910111213
 1 1 1 1 2 3 4 5 6 7 8 910111213
 1-2-2 1 2 3 4 5 6 7 8 910111213
 1 1 1 1 2 3 4 5 6 7 8 910111213
 2 2 2 2 2 3 4 5 6 7 8 910111213
 3 3 3 3 3 3 4 5 6 7 8 910111213
 4 4 4 4 4 4 4 5 6 7 8 910-11213
 5 5 5 5 5 5 5 5 6 7 8 910111213
 6 6 6 6 6 6 6 6 6 7 8 910111213
